>CDTACAAGTCCT	13-AGGACTTGTAHG	8.838218	-15.271840	0	T:14.0(22.95%),B:628.7(4.25%),P:1e-6
0.164	0.647	0.042	0.147
0.241	0.171	0.355	0.233
0.120	0.176	0.001	0.703
0.748	0.113	0.097	0.042
0.159	0.604	0.049	0.188
0.957	0.041	0.001	0.001
0.950	0.001	0.001	0.048
0.073	0.130	0.796	0.001
0.001	0.001	0.135	0.863
0.125	0.681	0.097	0.097
0.117	0.753	0.049	0.081
0.001	0.001	0.048	0.950
