>GAAATGAAGGRG	9-GAAATGAAGGRG,BestGuess:PU.1-IRF(ETS:IRF)/Bcell-PU.1-ChIP-Seq(GSE21512)/Homer(0.698)	9.754363	-18.926265	0	T:10.0(31.25%),B:381.8(2.60%),P:1e-8
0.194	0.001	0.803	0.002
0.904	0.045	0.050	0.001
0.822	0.061	0.116	0.001
0.533	0.293	0.001	0.173
0.305	0.062	0.159	0.474
0.175	0.001	0.823	0.001
0.828	0.062	0.055	0.055
0.813	0.125	0.061	0.001
0.171	0.187	0.505	0.137
0.031	0.046	0.920	0.003
0.342	0.002	0.445	0.211
0.031	0.241	0.727	0.001
