>CYCCTTCATTTC	9-GAAATGAAGGRG	9.754363	-18.926265	0	T:10.0(31.25%),B:381.8(2.60%),P:1e-8
0.001	0.727	0.241	0.031
0.211	0.445	0.002	0.342
0.003	0.920	0.046	0.031
0.137	0.505	0.187	0.171
0.001	0.061	0.125	0.813
0.055	0.055	0.062	0.828
0.001	0.823	0.001	0.175
0.474	0.159	0.062	0.305
0.173	0.001	0.293	0.533
0.001	0.116	0.061	0.822
0.001	0.050	0.045	0.904
0.002	0.803	0.001	0.194
