>CTGGATCCTTAG	5-CTGGATCCTTAG,BestGuess:ETS:E-box(ETS,bHLH)/HPC7-Scl-ChIP-Seq(GSE22178)/Homer(0.590)	9.279061	-24.435680	0	T:95.0(11.52%),B:1610.0(5.45%),P:1e-10
0.023	0.807	0.013	0.157
0.065	0.037	0.065	0.833
0.015	0.016	0.721	0.248
0.095	0.249	0.642	0.014
0.566	0.037	0.146	0.251
0.085	0.020	0.085	0.810
0.009	0.747	0.008	0.236
0.014	0.783	0.011	0.192
0.045	0.087	0.064	0.804
0.022	0.078	0.008	0.892
0.697	0.001	0.190	0.112
0.015	0.061	0.859	0.065
