>AGGAGCCCARGA	9-AGGAGCCCARGA,BestGuess:ZNF519(Zf)/HEK293-ZNF519.GFP-ChIP-Seq(GSE58341)/Homer(0.619)	9.904808	-23.901019	0	T:33.0(4.00%),B:281.9(0.95%),P:1e-10
0.689	0.245	0.037	0.029
0.032	0.023	0.716	0.229
0.274	0.175	0.433	0.118
0.603	0.138	0.240	0.019
0.305	0.029	0.626	0.040
0.227	0.698	0.036	0.039
0.031	0.891	0.038	0.040
0.033	0.694	0.027	0.246
0.461	0.189	0.180	0.170
0.473	0.016	0.326	0.185
0.026	0.033	0.904	0.037
0.553	0.174	0.042	0.231
