>CTAAGGATCCAG	5-CTGGATCCTTAG	9.279061	-24.435680	0	T:95.0(11.52%),B:1610.0(5.45%),P:1e-10
0.065	0.859	0.061	0.015
0.112	0.190	0.001	0.697
0.892	0.008	0.078	0.022
0.804	0.064	0.087	0.045
0.192	0.011	0.783	0.014
0.236	0.008	0.747	0.009
0.810	0.085	0.020	0.085
0.251	0.146	0.037	0.566
0.014	0.642	0.249	0.095
0.248	0.721	0.016	0.015
0.833	0.065	0.037	0.065
0.157	0.013	0.807	0.023
