>GGCGCTTCCCTC	13-GAGGGAAGCGCC	11.305344	-22.919551	0	T:26.0(3.15%),B:182.6(0.62%),P:1e-9
0.011	0.001	0.973	0.015
0.001	0.011	0.933	0.055
0.237	0.634	0.007	0.122
0.055	0.117	0.788	0.040
0.055	0.701	0.231	0.013
0.027	0.156	0.129	0.688
0.012	0.137	0.049	0.802
0.144	0.783	0.039	0.034
0.096	0.842	0.021	0.041
0.051	0.799	0.076	0.074
0.100	0.026	0.195	0.679
0.129	0.677	0.081	0.113
