>TAATTGGTTTGG	14-TAATTGGTTTGG,BestGuess:PH0108.1_Msx3/Jaspar(0.763)	10.607845	-22.492341	0	T:17.0(2.06%),B:70.9(0.24%),P:1e-9
0.012	0.030	0.192	0.766
0.783	0.038	0.152	0.027
0.638	0.006	0.189	0.167
0.177	0.054	0.200	0.569
0.041	0.028	0.241	0.690
0.233	0.026	0.675	0.066
0.050	0.186	0.742	0.022
0.038	0.046	0.013	0.903
0.038	0.171	0.152	0.639
0.029	0.042	0.083	0.846
0.021	0.010	0.766	0.203
0.056	0.213	0.698	0.033
