>GTCCTCCCTGAG	10-GTCCTCCCTGAG,BestGuess:Znf263(Zf)/K562-Znf263-ChIP-Seq(GSE31477)/Homer(0.746)	9.930986	-23.644644	0	T:29.0(3.52%),B:220.2(0.75%),P:1e-10
0.039	0.035	0.872	0.054
0.036	0.047	0.182	0.735
0.160	0.646	0.157	0.037
0.163	0.573	0.097	0.167
0.164	0.041	0.144	0.651
0.013	0.778	0.033	0.176
0.167	0.742	0.056	0.035
0.172	0.774	0.018	0.036
0.175	0.109	0.141	0.575
0.029	0.213	0.721	0.037
0.742	0.034	0.026	0.198
0.165	0.162	0.642	0.031
