>GGTACAGAAATT	17-GGTACAGAAATT,BestGuess:Foxj3/MA0851.1/Jaspar(0.654)	10.251687	-20.495726	0	T:16.0(1.94%),B:70.1(0.24%),P:1e-8
0.039	0.040	0.667	0.254
0.193	0.049	0.566	0.192
0.176	0.211	0.044	0.569
0.669	0.047	0.044	0.240
0.162	0.476	0.185	0.176
0.873	0.027	0.032	0.068
0.043	0.207	0.534	0.216
0.846	0.052	0.059	0.043
0.873	0.045	0.038	0.044
0.676	0.232	0.042	0.050
0.200	0.184	0.040	0.576
0.034	0.214	0.212	0.540
