>TMCCDCAGATAT	8-ATATCTGHGGKA	9.360168	-21.426250	0	T:21.0(9.17%),B:243.3(1.62%),P:1e-9
0.179	0.145	0.140	0.536
0.348	0.482	0.109	0.062
0.049	0.711	0.013	0.227
0.284	0.465	0.037	0.215
0.290	0.044	0.309	0.357
0.013	0.906	0.060	0.021
0.944	0.013	0.035	0.008
0.001	0.047	0.935	0.017
0.925	0.013	0.035	0.027
0.204	0.026	0.255	0.515
0.397	0.166	0.226	0.211
0.392	0.029	0.024	0.555
