>CTGTGGTTTTAG	3-CTAAAACCACAG	9.909069	-24.201308	0	T:38.0(16.59%),B:709.1(4.71%),P:1e-10
0.123	0.735	0.087	0.055
0.021	0.001	0.001	0.977
0.001	0.026	0.879	0.094
0.034	0.001	0.094	0.871
0.083	0.059	0.815	0.043
0.083	0.167	0.629	0.121
0.001	0.089	0.097	0.813
0.001	0.065	0.001	0.933
0.026	0.034	0.001	0.939
0.060	0.078	0.053	0.809
0.930	0.027	0.029	0.014
0.148	0.103	0.678	0.071
