>TGAGCCTGGAGA	11-TCTCCAGGCTCA	9.468452	-19.933593	0	T:59.0(19.34%),B:3895.8(8.45%),P:1e-8
0.042	0.111	0.122	0.725
0.056	0.112	0.831	0.001
0.778	0.075	0.069	0.078
0.001	0.055	0.909	0.035
0.031	0.888	0.080	0.001
0.080	0.805	0.036	0.079
0.083	0.057	0.091	0.769
0.062	0.001	0.936	0.001
0.054	0.097	0.848	0.001
0.814	0.054	0.001	0.131
0.020	0.092	0.859	0.029
0.816	0.070	0.075	0.039
