>TCACAGCCCCGC	21-TCACAGCCCCGC,BestGuess:Sp1(Zf)/Promoter/Homer(0.648)	10.101581	-14.336318	0	T:33.0(10.82%),B:1891.0(4.10%),P:1e-6
0.078	0.048	0.073	0.801
0.039	0.786	0.073	0.102
0.852	0.032	0.049	0.067
0.085	0.824	0.051	0.040
0.681	0.131	0.044	0.144
0.018	0.001	0.916	0.065
0.066	0.932	0.001	0.001
0.076	0.823	0.052	0.049
0.033	0.888	0.030	0.049
0.048	0.818	0.009	0.125
0.035	0.048	0.785	0.132
0.021	0.902	0.044	0.033
