>CCACATAGTTCA	13-TGAACTATGTGG	9.928129	-19.628594	0	T:20.0(6.56%),B:567.7(1.23%),P:1e-8
0.001	0.901	0.064	0.034
0.114	0.792	0.001	0.093
0.831	0.084	0.001	0.084
0.001	0.961	0.037	0.001
0.841	0.055	0.103	0.001
0.001	0.039	0.127	0.833
0.751	0.040	0.154	0.055
0.001	0.001	0.714	0.284
0.078	0.001	0.041	0.880
0.113	0.001	0.001	0.885
0.136	0.808	0.055	0.001
0.824	0.111	0.064	0.001
