>CGGAGAAATACA	10-TGTATTTCTCCG	9.264148	-20.832414	0	T:36.0(11.80%),B:1668.9(3.62%),P:1e-9
0.076	0.779	0.035	0.110
0.169	0.001	0.735	0.095
0.111	0.090	0.753	0.046
0.874	0.045	0.001	0.080
0.038	0.069	0.892	0.001
0.908	0.038	0.001	0.053
0.823	0.094	0.082	0.001
0.869	0.129	0.001	0.001
0.017	0.029	0.117	0.837
0.812	0.072	0.115	0.001
0.001	0.874	0.124	0.001
0.850	0.053	0.075	0.022
