>TGTATTTCTCCG	10-TGTATTTCTCCG,BestGuess:Foxh1(Forkhead)/hESC-FOXH1-ChIP-Seq(GSE29422)/Homer(0.528)	9.264148	-20.832414	0	T:36.0(11.80%),B:1668.9(3.62%),P:1e-9
0.022	0.075	0.053	0.850
0.001	0.124	0.874	0.001
0.001	0.115	0.072	0.812
0.837	0.117	0.029	0.017
0.001	0.001	0.129	0.869
0.001	0.082	0.094	0.823
0.053	0.001	0.038	0.908
0.001	0.892	0.069	0.038
0.080	0.001	0.045	0.874
0.046	0.753	0.090	0.111
0.095	0.735	0.001	0.169
0.110	0.035	0.779	0.076
