>AATATATATTTT	22-AATATATATTTT	10.099780	-13.493251	0	T:14.0(4.59%),B:420.9(0.91%),P:1e-5
0.604	0.030	0.183	0.183
0.435	0.136	0.204	0.225
0.278	0.045	0.039	0.638
0.858	0.057	0.043	0.042
0.205	0.171	0.196	0.428
0.689	0.031	0.247	0.033
0.264	0.061	0.035	0.640
0.861	0.037	0.026	0.076
0.311	0.032	0.033	0.624
0.049	0.026	0.071	0.854
0.229	0.042	0.213	0.516
0.215	0.044	0.019	0.722
