>GGAGGAGGGGGG	3-CCCCCCTCCTCC	10.645264	-21.501823	0	T:24.0(3.45%),B:93.6(0.64%),P:1e-9
0.052	0.012	0.719	0.217
0.153	0.022	0.701	0.124
0.772	0.019	0.047	0.162
0.050	0.024	0.883	0.043
0.203	0.094	0.691	0.012
0.807	0.115	0.059	0.019
0.014	0.121	0.810	0.055
0.049	0.225	0.709	0.017
0.132	0.154	0.662	0.052
0.022	0.174	0.634	0.170
0.070	0.211	0.681	0.038
0.290	0.024	0.639	0.047
