>TGGTGGGAAAAC	8-GTTTTCCCACCA	10.273550	-26.119823	0	T:43.0(1.66%),B:115.4(0.42%),P:1e-11
0.257	0.037	0.037	0.669
0.025	0.032	0.908	0.035
0.031	0.241	0.584	0.144
0.190	0.114	0.043	0.653
0.166	0.023	0.596	0.215
0.147	0.035	0.781	0.037
0.248	0.045	0.665	0.042
0.658	0.036	0.265	0.041
0.733	0.214	0.018	0.035
0.713	0.021	0.037	0.229
0.683	0.034	0.112	0.171
0.115	0.587	0.124	0.174
