>TAGGATGCATTC	2-TAGGATGCATTC,BestGuess:PB0181.1_Spdef_2/Jaspar(0.691)	10.251119	-32.709327	0	T:33.0(1.27%),B:49.9(0.18%),P:1e-14
0.018	0.178	0.027	0.777
0.783	0.012	0.185	0.020
0.126	0.015	0.690	0.169
0.252	0.024	0.590	0.134
0.780	0.027	0.016	0.177
0.231	0.017	0.031	0.721
0.174	0.015	0.571	0.240
0.014	0.528	0.291	0.167
0.941	0.012	0.029	0.018
0.211	0.019	0.211	0.559
0.176	0.259	0.127	0.438
0.020	0.741	0.022	0.217
