>CTAATTTGATGG	14-CTAATTTGATGG,BestGuess:PH0056.1_Hoxa9/Jaspar(0.694)	8.081535	-22.933894	0	T:34.0(1.31%),B:83.0(0.30%),P:1e-9
0.222	0.463	0.072	0.244
0.259	0.068	0.057	0.616
0.812	0.007	0.061	0.120
0.452	0.170	0.223	0.156
0.105	0.185	0.185	0.525
0.117	0.295	0.059	0.529
0.209	0.053	0.049	0.689
0.199	0.008	0.523	0.270
0.456	0.181	0.169	0.194
0.253	0.055	0.174	0.518
0.198	0.144	0.522	0.136
0.273	0.079	0.541	0.107
