>CCTCTAGAGTGA	6-TCACTCTAGAGG	10.617151	-28.053525	0	T:31.0(1.20%),B:53.9(0.19%),P:1e-12
0.031	0.737	0.029	0.203
0.182	0.609	0.014	0.195
0.021	0.037	0.042	0.900
0.250	0.721	0.024	0.005
0.038	0.263	0.015	0.684
0.590	0.010	0.271	0.129
0.133	0.108	0.584	0.175
0.706	0.154	0.123	0.017
0.203	0.043	0.730	0.024
0.032	0.035	0.026	0.907
0.088	0.060	0.651	0.201
0.630	0.022	0.234	0.114
