>AATTACATATAT	16-AATTACATATAT,BestGuess:PH0084.1_Irx3_2/Jaspar(0.714)	9.507257	-17.561511	0	T:117.0(4.52%),B:703.0(2.54%),P:1e-7
0.843	0.059	0.053	0.045
0.813	0.060	0.076	0.051
0.048	0.048	0.101	0.803
0.072	0.052	0.065	0.811
0.837	0.028	0.086	0.049
0.045	0.835	0.035	0.085
0.873	0.036	0.032	0.059
0.063	0.047	0.062	0.828
0.831	0.041	0.068	0.060
0.073	0.054	0.047	0.826
0.847	0.060	0.048	0.045
0.043	0.049	0.051	0.857
