>GTTTTCCCACCA	8-GTTTTCCCACCA,BestGuess:E2F7/MA0758.1/Jaspar(0.726)	10.273550	-26.119823	0	T:43.0(1.66%),B:115.4(0.42%),P:1e-11
0.174	0.124	0.587	0.115
0.171	0.112	0.034	0.683
0.229	0.037	0.021	0.713
0.035	0.018	0.214	0.733
0.041	0.265	0.036	0.658
0.042	0.665	0.045	0.248
0.037	0.781	0.035	0.147
0.215	0.596	0.023	0.166
0.653	0.043	0.114	0.190
0.144	0.584	0.241	0.031
0.035	0.908	0.032	0.025
0.669	0.037	0.037	0.257
