>ATATATGTAATT	16-AATTACATATAT	9.507257	-17.561511	0	T:117.0(4.52%),B:703.0(2.54%),P:1e-7
0.857	0.051	0.049	0.043
0.045	0.048	0.060	0.847
0.826	0.047	0.054	0.073
0.060	0.068	0.041	0.831
0.828	0.062	0.047	0.063
0.059	0.032	0.036	0.873
0.085	0.035	0.835	0.045
0.049	0.086	0.028	0.837
0.811	0.065	0.052	0.072
0.803	0.101	0.048	0.048
0.051	0.076	0.060	0.813
0.045	0.053	0.059	0.843
