>GAATGCATCCTA	2-TAGGATGCATTC	10.251119	-32.709327	0	T:33.0(1.27%),B:49.9(0.18%),P:1e-14
0.217	0.022	0.741	0.020
0.438	0.127	0.259	0.176
0.559	0.211	0.019	0.211
0.018	0.029	0.012	0.941
0.167	0.291	0.528	0.014
0.240	0.571	0.015	0.174
0.721	0.031	0.017	0.231
0.177	0.016	0.027	0.780
0.134	0.590	0.024	0.252
0.169	0.690	0.015	0.126
0.020	0.185	0.012	0.783
0.777	0.027	0.178	0.018
