>CGATGGCCGTGG	10-CGATGGCCGTGG,BestGuess:Klf12/MA0742.1/Jaspar(0.665)	9.429080	-25.613652	0	T:135.0(5.21%),B:736.4(2.66%),P:1e-11
0.051	0.802	0.095	0.052
0.071	0.029	0.833	0.067
0.731	0.110	0.030	0.129
0.054	0.093	0.077	0.776
0.050	0.059	0.867	0.024
0.028	0.025	0.892	0.055
0.039	0.873	0.053	0.035
0.070	0.831	0.047	0.052
0.028	0.056	0.833	0.083
0.055	0.027	0.118	0.800
0.059	0.014	0.913	0.014
0.071	0.047	0.853	0.029
