>TCCAAAAGTCTC	5-TCCAAAAGTCTC,BestGuess:Nr2e1/MA0676.1/Jaspar(0.562)	11.938217	-28.845843	0	T:39.0(1.51%),B:85.3(0.31%),P:1e-12
0.001	0.010	0.046	0.943
0.031	0.868	0.001	0.100
0.046	0.922	0.001	0.031
0.931	0.022	0.046	0.001
0.836	0.047	0.086	0.031
0.973	0.001	0.025	0.001
0.912	0.001	0.001	0.086
0.001	0.046	0.952	0.001
0.001	0.093	0.031	0.875
0.001	0.936	0.001	0.062
0.001	0.022	0.001	0.976
0.001	0.973	0.001	0.025
