>GAGACTTTTGGA	5-TCCAAAAGTCTC	11.938217	-28.845843	0	T:39.0(1.51%),B:85.3(0.31%),P:1e-12
0.025	0.001	0.973	0.001
0.976	0.001	0.022	0.001
0.062	0.001	0.936	0.001
0.875	0.031	0.093	0.001
0.001	0.952	0.046	0.001
0.086	0.001	0.001	0.912
0.001	0.025	0.001	0.973
0.031	0.086	0.047	0.836
0.001	0.046	0.022	0.931
0.031	0.001	0.922	0.046
0.100	0.001	0.868	0.031
0.943	0.046	0.010	0.001
