>GGGTGGGGCTGG	1-CCAGCCCCACCC	9.808157	-32.182856	0	T:120.0(10.01%),B:2082.8(4.59%),P:1e-13
0.231	0.142	0.590	0.037
0.259	0.223	0.496	0.023
0.030	0.301	0.639	0.030
0.272	0.031	0.133	0.564
0.040	0.046	0.777	0.137
0.044	0.042	0.856	0.058
0.031	0.283	0.661	0.025
0.043	0.201	0.731	0.025
0.228	0.504	0.024	0.244
0.023	0.214	0.269	0.494
0.044	0.040	0.869	0.047
0.283	0.245	0.444	0.028
