>CCAGCCCCACCC	1-CCAGCCCCACCC,BestGuess:KLF5/MA0599.1/Jaspar(0.734)	9.808157	-32.182856	0	T:120.0(10.01%),B:2082.8(4.59%),P:1e-13
0.028	0.444	0.245	0.283
0.047	0.869	0.040	0.044
0.494	0.269	0.214	0.023
0.244	0.024	0.504	0.228
0.025	0.731	0.201	0.043
0.025	0.661	0.283	0.031
0.058	0.856	0.042	0.044
0.137	0.777	0.046	0.040
0.564	0.133	0.031	0.272
0.030	0.639	0.301	0.030
0.023	0.496	0.223	0.259
0.037	0.590	0.142	0.231
