>TTCTGAGAGAAA	3-TTCTGAGAGAAA,BestGuess:STAT5(Stat)/mCD4+-Stat5-ChIP-Seq(GSE12346)/Homer(0.697)	9.576181	-28.523495	0	T:120.0(10.01%),B:2203.2(4.85%),P:1e-12
0.076	0.066	0.064	0.794
0.013	0.027	0.069	0.891
0.067	0.823	0.074	0.036
0.025	0.043	0.001	0.931
0.074	0.080	0.757	0.089
0.910	0.001	0.052	0.037
0.081	0.060	0.827	0.032
0.899	0.008	0.005	0.088
0.105	0.084	0.714	0.097
0.798	0.096	0.079	0.027
0.864	0.010	0.064	0.062
0.798	0.063	0.071	0.068
