>GAAAAMRCCTGC	9-GCAGGYKTTTTC	10.199332	-25.951225	0	T:29.0(2.42%),B:209.6(0.46%),P:1e-11
0.014	0.277	0.501	0.208
0.757	0.033	0.030	0.180
0.741	0.024	0.215	0.020
0.807	0.030	0.141	0.022
0.714	0.050	0.217	0.019
0.312	0.445	0.217	0.025
0.325	0.213	0.442	0.020
0.051	0.865	0.059	0.025
0.228	0.516	0.233	0.023
0.026	0.023	0.043	0.908
0.014	0.052	0.903	0.031
0.238	0.516	0.223	0.023
