>AGCATTAGAAGA	12-AGCATTAGAAGA	9.661547	-24.012347	0	T:54.0(4.50%),B:710.7(1.57%),P:1e-10
0.789	0.091	0.038	0.082
0.079	0.025	0.860	0.036
0.061	0.813	0.060	0.066
0.870	0.077	0.010	0.043
0.075	0.075	0.051	0.799
0.088	0.090	0.043	0.779
0.828	0.039	0.094	0.039
0.015	0.087	0.838	0.060
0.910	0.037	0.052	0.001
0.810	0.024	0.113	0.053
0.051	0.028	0.850	0.071
0.861	0.058	0.026	0.055
