>AGTGCTGTCCTT	5-AAGGACAGCACT	9.791465	-27.676574	0	T:28.0(2.34%),B:179.8(0.40%),P:1e-12
0.635	0.031	0.041	0.293
0.037	0.210	0.695	0.058
0.207	0.212	0.175	0.406
0.255	0.029	0.668	0.048
0.030	0.691	0.239	0.040
0.255	0.175	0.022	0.548
0.035	0.185	0.618	0.162
0.037	0.226	0.038	0.699
0.039	0.631	0.039	0.291
0.031	0.616	0.158	0.195
0.224	0.045	0.038	0.693
0.038	0.054	0.049	0.859
