>GGTCCGTGCCTC	7-GAGGCACGGACC	10.488105	-26.756107	0	T:24.0(2.00%),B:132.4(0.29%),P:1e-11
0.183	0.182	0.507	0.128
0.012	0.180	0.778	0.030
0.031	0.036	0.183	0.750
0.019	0.764	0.171	0.046
0.039	0.621	0.168	0.172
0.215	0.021	0.736	0.028
0.163	0.051	0.116	0.670
0.029	0.179	0.782	0.010
0.041	0.882	0.038	0.039
0.027	0.690	0.258	0.025
0.171	0.021	0.136	0.672
0.023	0.716	0.244	0.017
