>TTTCTCTCAGAA	3-TTCTGAGAGAAA	9.576181	-28.523495	0	T:120.0(10.01%),B:2203.2(4.85%),P:1e-12
0.068	0.071	0.063	0.798
0.062	0.064	0.010	0.864
0.027	0.079	0.096	0.798
0.097	0.714	0.084	0.105
0.088	0.005	0.008	0.899
0.032	0.827	0.060	0.081
0.037	0.052	0.001	0.910
0.089	0.757	0.080	0.074
0.931	0.001	0.043	0.025
0.036	0.074	0.823	0.067
0.891	0.069	0.027	0.013
0.794	0.064	0.066	0.076
