>CACTTCATAGAC	24-CACTTCATAGAC,BestGuess:Tcf3(HMG)/mES-Tcf3-ChIP-Seq(GSE11724)/Homer(0.613)	9.842880	-6.496429	0	T:24.0(2.00%),B:451.4(0.99%),P:1e-2
0.047	0.894	0.001	0.058
0.741	0.152	0.058	0.049
0.001	0.847	0.047	0.105
0.047	0.047	0.094	0.812
0.152	0.047	0.001	0.800
0.047	0.859	0.047	0.047
0.848	0.047	0.047	0.058
0.001	0.047	0.047	0.905
0.952	0.001	0.001	0.046
0.047	0.001	0.858	0.094
0.741	0.164	0.001	0.094
0.047	0.765	0.047	0.141
