>GAGGCACGGACC	7-GAGGCACGGACC,BestGuess:PB0130.1_Gm397_2/Jaspar(0.610)	10.488105	-26.756107	0	T:24.0(2.00%),B:132.4(0.29%),P:1e-11
0.017	0.244	0.716	0.023
0.672	0.136	0.021	0.171
0.025	0.258	0.690	0.027
0.039	0.038	0.882	0.041
0.010	0.782	0.179	0.029
0.670	0.116	0.051	0.163
0.028	0.736	0.021	0.215
0.172	0.168	0.621	0.039
0.046	0.171	0.764	0.019
0.750	0.183	0.036	0.031
0.030	0.778	0.180	0.012
0.128	0.507	0.182	0.183
