>GTCCCCCATCAG	3-CTGATGGGGGAC	9.638259	-29.420542	0	T:91.0(3.19%),B:555.5(1.28%),P:1e-12
0.064	0.030	0.859	0.047
0.078	0.055	0.041	0.826
0.040	0.884	0.054	0.022
0.046	0.860	0.028	0.066
0.057	0.823	0.052	0.068
0.082	0.820	0.045	0.053
0.106	0.820	0.018	0.056
0.796	0.078	0.044	0.082
0.051	0.025	0.060	0.864
0.034	0.832	0.076	0.058
0.821	0.067	0.034	0.078
0.071	0.045	0.799	0.085
