>GCGATGGAGGAA	11-GCGATGGAGGAA	10.728519	-22.915389	0	T:42.0(1.47%),B:183.5(0.42%),P:1e-9
0.001	0.064	0.934	0.001
0.001	0.920	0.034	0.045
0.017	0.001	0.981	0.001
0.813	0.031	0.072	0.084
0.050	0.031	0.001	0.918
0.052	0.001	0.946	0.001
0.001	0.001	0.946	0.052
0.931	0.045	0.023	0.001
0.045	0.001	0.953	0.001
0.050	0.001	0.904	0.045
0.911	0.065	0.023	0.001
0.870	0.065	0.064	0.001
