>CTACCTGCTCCT	12-AGGAGCAGGTAG	10.386903	-21.790057	0	T:49.0(1.72%),B:249.7(0.57%),P:1e-9
0.178	0.643	0.040	0.139
0.038	0.035	0.157	0.770
0.612	0.201	0.029	0.158
0.152	0.583	0.240	0.025
0.043	0.883	0.025	0.049
0.258	0.117	0.088	0.537
0.163	0.030	0.768	0.039
0.034	0.695	0.143	0.128
0.186	0.035	0.124	0.655
0.029	0.900	0.037	0.034
0.173	0.601	0.026	0.200
0.030	0.224	0.171	0.575
