>CTGATGGGGGAC	3-CTGATGGGGGAC,BestGuess:ZSCAN22(Zf)/HEK293-ZSCAN22.GFP-ChIP-Seq(GSE58341)/Homer(0.664)	9.638259	-29.420542	0	T:91.0(3.19%),B:555.5(1.28%),P:1e-12
0.085	0.799	0.045	0.071
0.078	0.034	0.067	0.821
0.058	0.076	0.832	0.034
0.864	0.060	0.025	0.051
0.082	0.044	0.078	0.796
0.056	0.018	0.820	0.106
0.053	0.045	0.820	0.082
0.068	0.052	0.823	0.057
0.066	0.028	0.860	0.046
0.022	0.054	0.884	0.040
0.826	0.041	0.055	0.078
0.047	0.859	0.030	0.064
