>AACGTCAATCTG	1-CAGATTGACGTT	10.271830	-32.148556	0	T:33.0(1.16%),B:77.9(0.18%),P:1e-13
0.910	0.021	0.068	0.001
0.723	0.104	0.134	0.039
0.081	0.830	0.038	0.051
0.031	0.022	0.859	0.088
0.055	0.081	0.049	0.815
0.066	0.821	0.035	0.078
0.922	0.064	0.013	0.001
0.737	0.162	0.030	0.071
0.046	0.066	0.111	0.777
0.001	0.913	0.039	0.047
0.039	0.089	0.021	0.851
0.044	0.081	0.850	0.025
