>TTNCTACTGAAC	7-TTNCTACTGAAC,BestGuess:PB0050.1_Osr1_1/Jaspar(0.656)	8.166534	-25.460467	0	T:25.0(0.88%),B:57.0(0.13%),P:1e-11
0.267	0.183	0.069	0.481
0.078	0.256	0.059	0.607
0.221	0.208	0.354	0.218
0.264	0.505	0.006	0.225
0.103	0.111	0.104	0.682
0.674	0.073	0.210	0.043
0.132	0.637	0.133	0.098
0.234	0.068	0.041	0.657
0.168	0.113	0.472	0.247
0.591	0.230	0.080	0.099
0.554	0.028	0.167	0.251
0.172	0.414	0.205	0.208
