>TTTACAGGTGTC	2-TTTACAGGTGTC,BestGuess:PKNOX2/MA0783.1/Jaspar(0.735)	9.230035	-31.366739	0	T:37.0(1.30%),B:103.4(0.24%),P:1e-13
0.289	0.038	0.032	0.641
0.068	0.226	0.022	0.684
0.209	0.024	0.210	0.557
0.557	0.219	0.030	0.194
0.033	0.530	0.177	0.260
0.693	0.017	0.021	0.269
0.249	0.021	0.535	0.195
0.298	0.039	0.615	0.048
0.294	0.030	0.038	0.638
0.046	0.027	0.888	0.039
0.234	0.188	0.043	0.535
0.032	0.541	0.230	0.197
