>GTTCAGTAGNAA	7-TTNCTACTGAAC	8.166534	-25.460467	0	T:25.0(0.88%),B:57.0(0.13%),P:1e-11
0.208	0.205	0.414	0.172
0.251	0.167	0.028	0.554
0.099	0.080	0.230	0.591
0.247	0.472	0.113	0.168
0.657	0.041	0.068	0.234
0.098	0.133	0.637	0.132
0.043	0.210	0.073	0.674
0.682	0.104	0.111	0.103
0.225	0.006	0.505	0.264
0.218	0.354	0.208	0.221
0.607	0.059	0.256	0.078
0.481	0.069	0.183	0.267
