>CAGATTGACGTT	1-CAGATTGACGTT,BestGuess:MF0002.1_bZIP_CREB/G-box-like_subclass/Jaspar(0.696)	10.271830	-32.148556	0	T:33.0(1.16%),B:77.9(0.18%),P:1e-13
0.025	0.850	0.081	0.044
0.851	0.021	0.089	0.039
0.047	0.039	0.913	0.001
0.777	0.111	0.066	0.046
0.071	0.030	0.162	0.737
0.001	0.013	0.064	0.922
0.078	0.035	0.821	0.066
0.815	0.049	0.081	0.055
0.088	0.859	0.022	0.031
0.051	0.038	0.830	0.081
0.039	0.134	0.104	0.723
0.001	0.068	0.021	0.910
