>GCTAGGAGGTGC	4-GCACCTCCTAGC	11.923984	-27.961252	0	T:42.0(1.47%),B:152.0(0.35%),P:1e-12
0.001	0.021	0.952	0.026
0.013	0.917	0.069	0.001
0.011	0.025	0.117	0.847
0.825	0.034	0.128	0.013
0.053	0.001	0.876	0.070
0.076	0.001	0.922	0.001
0.976	0.001	0.022	0.001
0.037	0.001	0.961	0.001
0.001	0.001	0.973	0.025
0.001	0.085	0.001	0.913
0.053	0.044	0.902	0.001
0.053	0.945	0.001	0.001
