>TTCAGGAGGAAA	9-TTCAGGAGGAAA	10.221795	-24.001841	0	T:99.0(3.47%),B:702.9(1.62%),P:1e-10
0.043	0.026	0.057	0.874
0.105	0.033	0.115	0.747
0.091	0.773	0.055	0.081
0.833	0.073	0.036	0.058
0.036	0.059	0.871	0.034
0.062	0.017	0.845	0.076
0.889	0.039	0.037	0.035
0.060	0.080	0.811	0.049
0.047	0.058	0.847	0.048
0.859	0.004	0.082	0.055
0.833	0.051	0.082	0.034
0.823	0.060	0.059	0.058
