>TGGTGTGTGMCC	19-TGGTGTGTGMCC,BestGuess:ZNF264(Zf)/HEK293-ZNF264.GFP-ChIP-Seq(GSE58341)/Homer(0.653)	11.605884	-13.973068	0	T:17.0(0.60%),B:53.8(0.12%),P:1e-6
0.032	0.055	0.203	0.710
0.048	0.037	0.900	0.015
0.049	0.025	0.868	0.058
0.063	0.019	0.078	0.840
0.068	0.003	0.676	0.253
0.283	0.043	0.020	0.654
0.043	0.057	0.677	0.223
0.013	0.018	0.217	0.752
0.010	0.043	0.908	0.039
0.539	0.437	0.008	0.016
0.284	0.515	0.172	0.029
0.045	0.741	0.029	0.185
