>NCCCTTGGGTTN	11-NAACCCAAGGGN	8.234583	-19.922329	0	T:9.0(15.00%),B:228.7(0.83%),P:1e-8
0.283	0.236	0.249	0.232
0.115	0.622	0.130	0.133
0.113	0.654	0.091	0.142
0.094	0.692	0.078	0.136
0.099	0.165	0.099	0.637
0.119	0.097	0.148	0.636
0.106	0.081	0.687	0.126
0.116	0.110	0.644	0.130
0.131	0.160	0.591	0.118
0.121	0.153	0.128	0.598
0.113	0.138	0.122	0.627
0.191	0.327	0.230	0.251
