>NAACCCAAGGGN	11-NAACCCAAGGGN,BestGuess:Znf423/MA0116.1/Jaspar(0.727)	8.234583	-19.922329	0	T:9.0(15.00%),B:228.7(0.83%),P:1e-8
0.251	0.230	0.327	0.191
0.627	0.122	0.138	0.113
0.598	0.128	0.153	0.121
0.118	0.591	0.160	0.131
0.130	0.644	0.110	0.116
0.126	0.687	0.081	0.106
0.636	0.148	0.097	0.119
0.637	0.099	0.165	0.099
0.136	0.078	0.692	0.094
0.142	0.091	0.654	0.113
0.133	0.130	0.622	0.115
0.232	0.249	0.236	0.283
