>GCAGTAGACTGT	19-ACAGTCTACTGC	10.114607	-15.913443	0	T:17.0(7.36%),B:448.8(1.49%),P:1e-6
0.048	0.033	0.856	0.063
0.049	0.949	0.001	0.001
0.775	0.001	0.132	0.092
0.001	0.071	0.824	0.104
0.037	0.166	0.097	0.700
0.719	0.112	0.061	0.108
0.001	0.061	0.865	0.073
0.830	0.001	0.118	0.051
0.061	0.887	0.051	0.001
0.095	0.114	0.001	0.790
0.001	0.043	0.844	0.112
0.001	0.001	0.024	0.974
