>ACAGTCTACTGC	19-ACAGTCTACTGC,BestGuess:PB0134.1_Hnf4a_2/Jaspar(0.574)	10.114607	-15.913443	0	T:17.0(7.36%),B:448.8(1.49%),P:1e-6
0.974	0.024	0.001	0.001
0.112	0.844	0.043	0.001
0.790	0.001	0.114	0.095
0.001	0.051	0.887	0.061
0.051	0.118	0.001	0.830
0.073	0.865	0.061	0.001
0.108	0.061	0.112	0.719
0.700	0.097	0.166	0.037
0.104	0.824	0.071	0.001
0.092	0.132	0.001	0.775
0.001	0.001	0.949	0.049
0.063	0.856	0.033	0.048
