>GGTAAGGGAMTC	1-GAKTCCCTTACC	12.000210	-29.039289	0	T:12.0(5.19%),B:59.9(0.20%),P:1e-12
0.021	0.001	0.977	0.001
0.192	0.065	0.742	0.001
0.075	0.001	0.001	0.923
0.578	0.248	0.173	0.001
0.873	0.001	0.001	0.125
0.062	0.001	0.936	0.001
0.001	0.125	0.873	0.001
0.097	0.105	0.797	0.001
0.909	0.001	0.089	0.001
0.551	0.436	0.012	0.001
0.001	0.001	0.089	0.909
0.001	0.873	0.001	0.125
